x=[1.3 1.6 1.9]; % nodos dato
fx=[0.6200860 0.4554022 0.2818186]; % valor de f en los nodos
dfx=[-0.5220232 -0.5698959 -0.5811571]; % valor de f' en los nodos
x_interp=1.5; % valor a interpolar